,City,Country,Latitude,Temperature,Humidity,Cloudiness,Wind Speed
0,Punta arenas,cl,-53.16,42.8,70.0,75.0,11.41
1,Busselton,au,-33.64,81.27,69.0,32.0,12.44
2,Myaundzha,ru,63.05,-9.91,62.0,20.0,4.05
3,Kajaani,fi,64.22,26.6,92.0,90.0,8.05
4,Lebu,cl,-37.62,58.05,100.0,0.0,10.76
5,Kano,ng,11.99,73.4,23.0,0.0,3.36
6,Barquisimeto,ve,10.07,78.03,51.0,0.0,9.08
7,Kwaluseni,sz,-26.48,62.6,100.0,32.0,2.24
8,Katherine,au,-14.47,87.8,55.0,40.0,17.22
9,Qaanaaq,gl,77.48,-10.54,100.0,44.0,3.49
10,Vaini,to,-21.2,89.6,66.0,40.0,5.82
11,Norman wells,ca,65.28,24.8,62.0,20.0,2.24
12,Haines junction,ca,60.75,25.65,94.0,32.0,2.04
13,Busselton,au,-33.64,81.27,69.0,32.0,12.44
14,Kurilsk,ru,45.23,33.48,93.0,32.0,10.98
16,Mnogovershinnyy,ru,53.94,18.9,72.0,76.0,2.93
17,Mar del plata,ar,-46.43,54.99,58.0,8.0,15.01
19,Rikitea,pf,-23.12,80.01,100.0,68.0,13.44
20,Sinop,tr,42.03,49.14,90.0,0.0,14.79
21,Vanimo,pg,-2.67,83.16,100.0,48.0,16.24
22,Nikolskoye,ru,59.7,33.8,100.0,90.0,8.95
23,Bluff,nz,-46.6,54.99,100.0,80.0,27.54
25,Vaini,to,-21.2,89.6,66.0,40.0,5.82
26,Torbay,ca,47.66,30.2,100.0,90.0,16.11
27,Port alfred,za,-33.59,71.46,84.0,0.0,20.94
28,Rikitea,pf,-23.12,80.01,100.0,68.0,13.44
29,Punta arenas,cl,-53.16,42.8,70.0,75.0,11.41
30,Broken hill,au,-31.97,78.03,34.0,0.0,14.23
31,Qasigiannguit,gl,68.82,6.8,71.0,88.0,1.12
32,Cape town,za,-33.93,64.4,88.0,0.0,10.29
33,Clyde river,ca,70.47,-16.61,82.0,90.0,3.36
34,Udachnyy,ru,66.42,-10.81,52.0,48.0,3.94
35,Roald,no,62.58,31.71,69.0,0.0,17.22
36,Busselton,au,-33.64,81.27,69.0,32.0,12.44
37,Kulhudhuffushi,mv,6.62,79.83,100.0,68.0,9.31
38,Atuona,pf,-9.8,80.37,100.0,64.0,16.46
39,Rikitea,pf,-23.12,80.01,100.0,68.0,13.44
40,Rocha,uy,-34.48,53.1,89.0,8.0,3.71
41,Shitanjing,cn,39.23,63.0,15.0,0.0,3.15
42,Semey,kz,50.41,8.28,73.0,20.0,4.94
43,Camocim,br,-2.9,78.12,87.0,92.0,6.73
44,Ibotirama,br,-12.18,69.12,100.0,92.0,5.17
45,Oranjemund,na,-28.55,63.45,98.0,92.0,3.6
46,Saint-philippe,re,-21.36,77.23,78.0,0.0,5.82
47,Hearst,ca,49.69,19.62,80.0,76.0,8.41
48,Mayo,ca,63.59,35.6,43.0,75.0,3.36
49,Ushuaia,ar,-54.81,44.6,70.0,75.0,10.29
50,Hermanus,za,-34.42,55.8,88.0,0.0,2.93
51,Saint george,bm,32.38,66.2,93.0,90.0,27.51
52,Wajir,ke,1.75,75.6,70.0,8.0,9.08
54,Muros,es,42.77,41.0,100.0,75.0,6.93
55,Atuona,pf,-9.8,80.37,100.0,64.0,16.46
56,San vicente,ph,14.11,80.28,99.0,12.0,16.24
57,Hermanus,za,-34.42,55.8,88.0,0.0,2.93
59,Mareeba,au,-16.99,80.6,65.0,75.0,17.22
60,Ushuaia,ar,-54.81,44.6,70.0,75.0,10.29
61,Hermanus,za,-34.42,55.8,88.0,0.0,2.93
62,Ossora,ru,59.24,0.18,95.0,8.0,6.62
63,Saskylakh,ru,71.97,-26.56,82.0,64.0,6.62
64,Talcahuano,cl,-36.72,55.4,66.0,0.0,6.93
65,Necochea,ar,-38.55,64.17,62.0,92.0,14.67
66,Eureka,us,40.8,63.5,72.0,90.0,17.81
67,Arcata,us,40.87,63.46,72.0,90.0,17.81
68,Saint-philippe,re,-21.36,77.23,78.0,0.0,5.82
69,Avarua,ck,-21.21,84.2,62.0,40.0,9.17
70,Yellowknife,ca,62.45,35.6,59.0,75.0,5.82
71,Leningradskiy,ru,69.38,-8.2,96.0,12.0,12.77
73,Caravelas,br,-17.73,80.55,100.0,64.0,15.68
74,Tura,ru,64.27,-9.91,67.0,0.0,2.93
75,Bredasdorp,za,-34.53,62.6,88.0,0.0,2.24
76,Port alfred,za,-33.59,71.46,84.0,0.0,20.94
77,Pangnirtung,ca,66.15,0.45,73.0,64.0,1.92
79,Omboue,ga,-1.57,82.35,100.0,88.0,4.72
80,Udachnyy,ru,66.42,-10.81,52.0,48.0,3.94
81,Albany,au,-35.02,80.28,50.0,44.0,10.31
82,Westport,nz,-41.75,54.09,100.0,92.0,3.04
83,Nemuro,jp,43.32,35.6,64.0,75.0,12.75
84,Kaitangata,nz,-46.28,55.89,56.0,44.0,22.5
85,Chokurdakh,ru,70.62,-22.51,67.0,56.0,6.73
86,East london,za,-33.02,72.36,97.0,0.0,20.83
88,Jamestown,sh,-15.94,74.52,100.0,88.0,12.77
91,Ushuaia,ar,-54.81,44.6,70.0,75.0,10.29
92,Port alfred,za,-33.59,71.46,84.0,0.0,20.94
93,Saint-pierre,pm,46.77,35.01,93.0,44.0,13.78
94,Hithadhoo,mv,-0.6,82.89,100.0,44.0,6.51
95,Hobart,au,-42.88,69.8,43.0,75.0,5.82
96,Charleston,us,38.35,37.4,55.0,90.0,9.17
97,Zhuhai,cn,40.71,53.6,17.0,0.0,2.24
98,Jamestown,sh,-15.94,74.52,100.0,88.0,12.77
99,Labelle,ca,46.28,27.45,81.0,80.0,3.6
100,Lujan,ar,-46.57,49.59,30.0,8.0,10.98
101,Norman wells,ca,65.28,24.8,62.0,20.0,2.24
102,Port lincoln,au,-34.72,67.5,85.0,0.0,11.54
103,Wattegama,lk,7.35,73.71,93.0,44.0,3.94
104,Hilo,us,19.71,59.85,78.0,90.0,10.29
105,Yellowknife,ca,62.45,35.6,59.0,75.0,5.82
106,Ushuaia,ar,-54.81,44.6,70.0,75.0,10.29
107,Tuktoyaktuk,ca,69.44,5.61,84.0,75.0,9.17
109,Atuona,pf,-9.8,80.37,100.0,64.0,16.46
111,Hamilton,bm,32.3,66.2,93.0,90.0,27.51
112,Ushuaia,ar,-54.81,44.6,70.0,75.0,10.29
113,Fond du lac,us,43.77,31.37,55.0,90.0,9.17
114,Hakkari,tr,37.58,13.95,70.0,0.0,2.71
115,Tagusao,ph,9.19,81.99,83.0,80.0,9.19
116,Busselton,au,-33.64,81.27,69.0,32.0,12.44
117,Maragogi,br,-9.01,78.3,88.0,8.0,11.21
118,Rawson,ar,-43.3,58.32,30.0,0.0,20.83
119,Alice springs,au,-23.7,84.2,26.0,0.0,14.99
120,Cabedelo,br,-6.97,78.8,83.0,40.0,3.36
121,Miraflores,co,5.2,45.36,97.0,0.0,1.48
122,East london,za,-33.02,72.36,97.0,0.0,20.83
123,Arraial do cabo,br,-22.97,73.4,94.0,0.0,4.7
124,Mahebourg,mu,-20.41,80.6,74.0,40.0,13.87
125,Flinders,au,-34.58,68.0,60.0,90.0,10.29
126,Khatanga,ru,71.98,-32.5,57.0,0.0,4.72
127,Dudinka,ru,69.41,-14.59,66.0,64.0,21.05
128,Baghdad,iq,33.3,57.2,58.0,0.0,3.36
129,Narsaq,gl,60.91,21.2,67.0,0.0,4.27
130,Hilo,us,19.71,59.85,78.0,90.0,10.29
131,Cape town,za,-33.93,64.4,88.0,0.0,10.29
132,Jamestown,sh,-15.94,74.52,100.0,88.0,12.77
133,Kapaa,us,22.08,72.57,68.0,90.0,18.34
135,Vaini,to,-21.2,89.6,66.0,40.0,5.82
136,Ribeira grande,pt,38.52,63.09,95.0,36.0,31.79
137,Isangel,vu,-19.55,86.0,84.0,75.0,9.17
138,Bhadasar,in,28.3,71.19,34.0,0.0,3.04
139,Hobart,au,-42.88,69.8,43.0,75.0,5.82
140,Fenoarivo,mg,-18.93,62.6,88.0,40.0,5.82
141,Pevek,ru,69.7,-12.16,97.0,36.0,7.29
142,Huarmey,pe,-10.07,67.32,74.0,88.0,2.71
143,Sao filipe,cv,14.9,71.73,92.0,0.0,17.47
144,Maceio,br,-9.67,78.8,83.0,0.0,11.41
145,Makokou,ga,0.56,75.69,90.0,68.0,2.93
146,Port lincoln,au,-34.72,67.5,85.0,0.0,11.54
147,Luderitz,na,-26.65,60.8,100.0,48.0,3.36
148,Katangli,ru,51.71,26.01,100.0,88.0,5.84
149,Puerto ayora,ec,-0.74,77.22,100.0,92.0,3.15
150,Ushuaia,ar,-54.81,44.6,70.0,75.0,10.29
151,Bluff,nz,-46.6,54.99,100.0,80.0,27.54
152,Tuktoyaktuk,ca,69.44,5.61,84.0,75.0,9.17
153,Bay roberts,ca,47.58,30.2,100.0,90.0,16.11
154,Georgetown,sh,-7.93,78.03,100.0,0.0,11.21
155,Mar del plata,ar,-46.43,54.99,58.0,8.0,15.01
156,San rafael,ar,-34.61,64.53,14.0,0.0,14.34
157,Korla,cn,41.76,45.45,51.0,24.0,1.14
158,Mogadishu,so,2.04,80.37,100.0,76.0,11.43
159,Hami,cn,42.84,54.09,58.0,0.0,7.63
160,Angoche,mz,-16.23,84.15,100.0,0.0,9.75
161,Albany,au,-35.02,80.28,50.0,44.0,10.31
162,Ushuaia,ar,-54.81,44.6,70.0,75.0,10.29
164,Carnarvon,za,-30.97,48.96,45.0,0.0,2.93
165,Norman wells,ca,65.28,24.8,62.0,20.0,2.24
167,Bethel,us,60.79,15.8,85.0,1.0,8.05
168,Hudiksvall,se,61.73,30.42,98.0,92.0,12.44
169,Poli,cm,8.48,67.32,72.0,0.0,1.92
170,Kieta,pg,-6.22,81.45,100.0,76.0,3.6
171,Cidreira,br,-30.17,59.67,95.0,0.0,2.37
172,Kapaa,us,22.08,72.57,68.0,90.0,18.34
173,Iqaluit,ca,63.75,6.8,84.0,90.0,2.24
174,Jamestown,sh,-15.94,74.52,100.0,88.0,12.77
175,Katsuura,jp,33.93,57.2,50.0,0.0,4.7
176,Upernavik,gl,72.79,-2.17,96.0,36.0,1.14
177,Matamoros,mx,25.53,62.73,32.0,0.0,15.79
178,Albany,au,-35.02,80.28,50.0,44.0,10.31
179,Victoria,sc,-4.62,80.6,83.0,75.0,10.29
180,Boueni,yt,-12.9,78.8,88.0,40.0,4.7
181,Mar del plata,ar,-46.43,54.99,58.0,8.0,15.01
182,Mae hong son,th,19.3,69.8,68.0,0.0,2.59
183,Puerto ayora,ec,-0.74,77.22,100.0,92.0,3.15
184,Merauke,id,-8.49,83.16,100.0,48.0,4.72
185,Bethel,us,60.79,15.8,85.0,1.0,8.05
186,Albany,au,-35.02,80.28,50.0,44.0,10.31
188,Korla,cn,41.76,45.45,51.0,24.0,1.14
189,Lozova,ua,48.89,18.9,87.0,0.0,10.76
190,Arraial do cabo,br,-22.97,73.4,94.0,0.0,4.7
191,Ushuaia,ar,-54.81,44.6,70.0,75.0,10.29
192,Kachkanar,ru,58.7,4.32,78.0,0.0,5.5
193,Shelburne,ca,44.08,25.38,86.0,90.0,12.75
195,Algiers,dz,36.75,50.0,81.0,20.0,4.7
196,Fuglebjerg,dk,55.31,37.4,100.0,92.0,6.93
197,Torbay,ca,47.66,30.2,100.0,90.0,16.11
198,Tiksi,ru,71.64,-25.39,76.0,8.0,4.38
199,Attock,pk,33.77,64.4,63.0,64.0,4.16
202,Jamestown,sh,-15.94,74.52,100.0,88.0,12.77
203,Clyde river,ca,70.47,-16.61,82.0,90.0,3.36
204,Rikitea,pf,-23.12,80.01,100.0,68.0,13.44
205,Samarai,pg,-10.62,79.92,100.0,56.0,9.75
207,Mwinilunga,zm,-11.73,62.19,100.0,76.0,2.26
208,Rabo de peixe,pt,37.8,60.8,87.0,40.0,14.99
209,Arraial do cabo,br,-22.97,73.4,94.0,0.0,4.7
210,Punta arenas,cl,-53.16,42.8,70.0,75.0,11.41
211,Whyalla,au,-33.04,66.2,55.0,0.0,14.99
212,Nantucket,us,41.28,39.2,80.0,90.0,21.92
213,Fortuna,us,40.6,63.59,72.0,90.0,10.29
214,Punta arenas,cl,-53.16,42.8,70.0,75.0,11.41
215,Loei,th,17.49,77.0,73.0,75.0,3.36
216,Nola,cf,3.52,68.85,97.0,76.0,2.59
217,Barrow,us,39.51,37.45,51.0,1.0,8.05
218,Khatanga,ru,71.98,-32.5,57.0,0.0,4.72
219,Albany,au,-35.02,80.28,50.0,44.0,10.31
220,Balkhash,kz,46.84,29.52,100.0,20.0,2.93
221,Nata,bw,-20.21,70.56,61.0,0.0,12.77
222,Mehamn,no,71.03,26.82,91.0,80.0,17.36
223,Borovoy,ru,63.23,16.47,81.0,80.0,9.98
224,San jose,gt,16.98,71.01,96.0,88.0,3.6
225,Guerrero negro,mx,27.97,65.07,77.0,0.0,14.23
226,Ribeira grande,pt,38.52,63.09,95.0,36.0,31.79
227,Godfrey,us,38.96,36.37,55.0,1.0,9.17
228,Butaritari,ki,3.07,82.89,100.0,80.0,12.33
229,Hermanus,za,-34.42,55.8,88.0,0.0,2.93
230,Khilok,ru,51.36,19.8,52.0,68.0,6.96
231,Ushuaia,ar,-54.81,44.6,70.0,75.0,10.29
233,Haines junction,ca,60.75,25.65,94.0,32.0,2.04
234,Kodiak,us,39.95,37.4,47.0,1.0,8.05
235,Najran,sa,17.54,62.6,27.0,0.0,2.24
236,Mar del plata,ar,-46.43,54.99,58.0,8.0,15.01
237,Bambanglipuro,id,-7.95,83.88,80.0,8.0,4.16
238,Bambous virieux,mu,-20.34,80.6,74.0,40.0,13.87
239,Punta arenas,cl,-53.16,42.8,70.0,75.0,11.41
241,Busselton,au,-33.64,81.27,69.0,32.0,12.44
242,Rikitea,pf,-23.12,80.01,100.0,68.0,13.44
243,Durban,za,-29.86,73.62,100.0,0.0,2.15
244,Tomatlan,mx,19.93,69.57,86.0,0.0,2.48
245,Tankhoy,ru,51.55,10.53,94.0,80.0,11.1
247,Guerrero negro,mx,27.97,65.07,77.0,0.0,14.23
248,Albany,au,-35.02,80.28,50.0,44.0,10.31
249,Castro,cl,-42.48,52.29,79.0,92.0,5.95
250,Atuona,pf,-9.8,80.37,100.0,64.0,16.46
251,Kloulklubed,pw,7.04,87.8,70.0,90.0,8.05
253,Mashhad,ir,36.3,44.6,100.0,75.0,4.7
254,Rikitea,pf,-23.12,80.01,100.0,68.0,13.44
255,Kahului,us,20.89,66.09,77.0,75.0,11.41
257,Pevek,ru,69.7,-12.16,97.0,36.0,7.29
258,Oranjemund,na,-28.55,63.45,98.0,92.0,3.6
259,Labuhan,id,-2.54,73.71,97.0,92.0,2.71
260,Takoradi,gh,4.89,80.64,100.0,32.0,7.4
261,Azul,ar,-36.78,63.9,50.0,100.0,11.65
262,Shache,cn,38.42,48.6,56.0,8.0,4.61
263,Tongliao,cn,43.61,38.79,64.0,0.0,14.0
264,Sarstedt,de,52.23,48.67,81.0,75.0,8.05
265,Montepuez,mz,-13.13,72.27,98.0,100.0,6.73
266,Khatanga,ru,71.98,-32.5,57.0,0.0,4.72
267,Padang,id,-0.92,83.79,100.0,88.0,3.38
268,Butaritari,ki,3.07,82.89,100.0,80.0,12.33
269,Havelock,us,34.88,33.8,100.0,90.0,17.22
270,Lebu,cl,-37.62,58.05,100.0,0.0,10.76
271,Punta arenas,cl,-53.16,42.8,70.0,75.0,11.41
272,Atuona,pf,-9.8,80.37,100.0,64.0,16.46
274,Belmonte,br,-26.84,66.15,73.0,0.0,3.71
275,Butaritari,ki,3.07,82.89,100.0,80.0,12.33
276,Narsaq,gl,60.91,21.2,67.0,0.0,4.27
277,Waitati,nz,-45.75,57.15,52.0,56.0,14.23
278,Tuktoyaktuk,ca,69.44,5.61,84.0,75.0,9.17
279,Rikitea,pf,-23.12,80.01,100.0,68.0,13.44
280,Hobart,au,-42.88,69.8,43.0,75.0,5.82
281,Denpasar,id,-8.65,78.03,93.0,92.0,1.81
282,Mahebourg,mu,-20.41,80.6,74.0,40.0,13.87
283,Bucerias,mx,20.76,71.6,100.0,20.0,1.59
284,Tasiilaq,gl,65.61,21.2,44.0,12.0,8.05
285,Saskylakh,ru,71.97,-26.56,82.0,64.0,6.62
286,Geraldton,au,-28.77,100.4,18.0,0.0,25.28
287,Ushuaia,ar,-54.81,44.6,70.0,75.0,10.29
288,Tra vinh,vn,9.93,86.67,63.0,68.0,8.63
289,Busselton,au,-33.64,81.27,69.0,32.0,12.44
290,Qaanaaq,gl,77.48,-10.54,100.0,44.0,3.49
292,Vaini,to,-21.2,89.6,66.0,40.0,5.82
293,Jamestown,sh,-15.94,74.52,100.0,88.0,12.77
294,Xichang,cn,27.88,56.97,33.0,8.0,1.7
295,Te anau,nz,-45.41,46.8,78.0,92.0,9.98
296,Te anau,nz,-45.41,46.8,78.0,92.0,9.98
297,Takoradi,gh,4.89,80.64,100.0,32.0,7.4
298,Peravurani,in,10.15,77.31,100.0,80.0,5.95
299,Tura,ru,64.27,-9.91,67.0,0.0,2.93
300,Cape town,za,-33.93,64.4,88.0,0.0,10.29
301,Atuona,pf,-9.8,80.37,100.0,64.0,16.46
302,Carnarvon,au,-24.87,87.93,68.0,0.0,2.04
303,Kodiak,us,39.95,37.4,47.0,1.0,8.05
304,Ushuaia,ar,-54.81,44.6,70.0,75.0,10.29
305,Bambanglipuro,id,-7.95,83.88,80.0,8.0,4.16
306,Busselton,au,-33.64,81.27,69.0,32.0,12.44
307,Atuona,pf,-9.8,80.37,100.0,64.0,16.46
308,Honiara,sb,-9.43,84.2,79.0,75.0,9.17
309,Fleet,gb,51.28,42.8,87.0,80.0,12.75
310,Albany,au,-35.02,80.28,50.0,44.0,10.31
311,Jalalpur pirwala,pk,29.5,68.31,74.0,0.0,12.77
312,Rikitea,pf,-23.12,80.01,100.0,68.0,13.44
313,New norfolk,au,-42.78,69.8,43.0,75.0,5.82
314,Vaini,to,-21.2,89.6,66.0,40.0,5.82
315,Klaksvik,fo,62.23,39.2,55.0,88.0,19.46
316,Busselton,au,-33.64,81.27,69.0,32.0,12.44
318,Belaya gora,ru,68.54,-27.64,87.0,8.0,4.38
319,Ushuaia,ar,-54.81,44.6,70.0,75.0,10.29
320,Kabo,cf,7.69,81.9,56.0,44.0,11.1
321,Albany,au,-35.02,80.28,50.0,44.0,10.31
322,Hobart,au,-42.88,69.8,43.0,75.0,5.82
323,Kaitangata,nz,-46.28,55.89,56.0,44.0,22.5
324,Vaini,to,-21.2,89.6,66.0,40.0,5.82
325,Sobolevo,ru,54.43,35.1,97.0,92.0,20.49
326,High level,ca,58.52,32.0,89.0,75.0,3.71
328,Roald,no,62.58,31.71,69.0,0.0,17.22
329,Puerto ayora,ec,-0.74,77.22,100.0,92.0,3.15
330,Saint-philippe,re,-21.36,77.23,78.0,0.0,5.82
331,Saint-philippe,re,-21.36,77.23,78.0,0.0,5.82
332,Butaritari,ki,3.07,82.89,100.0,80.0,12.33
333,Cidreira,br,-30.17,59.67,95.0,0.0,2.37
335,Bluff,nz,-46.6,54.99,100.0,80.0,27.54
337,Bluff,nz,-46.6,54.99,100.0,80.0,27.54
339,Hermanus,za,-34.42,55.8,88.0,0.0,2.93
340,Korsakovo,ru,53.27,21.6,93.0,32.0,14.12
341,Padang,id,-0.92,83.79,100.0,88.0,3.38
342,Saint-philippe,re,-21.36,77.23,78.0,0.0,5.82
343,Vardo,no,70.37,30.15,100.0,80.0,16.02
344,Longyearbyen,sj,78.22,5.0,71.0,0.0,1.12
346,Beyneu,kz,45.32,8.19,90.0,0.0,5.17
347,Lompoc,us,34.64,60.22,93.0,90.0,5.82
348,Chuy,uy,-33.69,61.29,98.0,44.0,4.72
349,Henties bay,na,-22.12,60.84,100.0,0.0,5.39
350,Rikitea,pf,-23.12,80.01,100.0,68.0,13.44
351,Faanui,pf,-16.48,81.45,100.0,80.0,11.43
352,Zhangjiakou,cn,40.77,53.55,74.0,0.0,3.94
353,Marawi,sd,18.48,55.8,40.0,0.0,3.71
354,Hithadhoo,mv,-0.6,82.89,100.0,44.0,6.51
355,Georgetown,sh,-7.93,78.03,100.0,0.0,11.21
356,Guerrero negro,mx,27.97,65.07,77.0,0.0,14.23
357,Mount gambier,au,-37.83,67.59,64.0,48.0,5.5
358,Kainantu,pg,-6.29,74.07,84.0,56.0,1.92
360,Port alfred,za,-33.59,71.46,84.0,0.0,20.94
361,Avarua,ck,-21.21,84.2,62.0,40.0,9.17
362,Urucui,br,-7.23,70.74,99.0,92.0,2.59
364,Nanortalik,gl,60.14,22.5,100.0,0.0,4.72
365,Vengerovo,ru,55.68,-12.52,40.0,24.0,3.04
366,Catalina,ca,48.52,32.13,86.0,0.0,20.94
367,Ushuaia,ar,-54.81,44.6,70.0,75.0,10.29
368,Albany,au,-35.02,80.28,50.0,44.0,10.31
369,Albion,us,38.38,35.08,80.0,40.0,4.7
370,Castro,cl,-42.48,52.29,79.0,92.0,5.95
372,Longido,tz,-2.73,61.2,100.0,92.0,3.6
373,Victoria,sc,-4.62,80.6,83.0,75.0,10.29
375,Castro,cl,-42.48,52.29,79.0,92.0,5.95
376,Jalu,ly,29.03,57.33,46.0,0.0,4.16
377,Ushuaia,ar,-54.81,44.6,70.0,75.0,10.29
378,Rikitea,pf,-23.12,80.01,100.0,68.0,13.44
379,Hithadhoo,mv,-0.6,82.89,100.0,44.0,6.51
380,Nikolskoye,ru,59.7,33.8,100.0,90.0,8.95
381,Sao filipe,cv,14.9,71.73,92.0,0.0,17.47
382,Hobart,au,-42.88,69.8,43.0,75.0,5.82
383,Castro,cl,-42.48,52.29,79.0,92.0,5.95
384,Agadez,ne,16.97,59.94,23.0,0.0,2.82
385,Roald,no,62.58,31.71,69.0,0.0,17.22
386,Ostrovnoy,ru,68.05,21.87,87.0,76.0,7.63
387,Yellowknife,ca,62.45,35.6,59.0,75.0,5.82
388,Ponta do sol,cv,17.2,70.29,100.0,0.0,17.02
389,Port alfred,za,-33.59,71.46,84.0,0.0,20.94
391,Hermanus,za,-34.42,55.8,88.0,0.0,2.93
392,Tasiilaq,gl,65.61,21.2,44.0,12.0,8.05
393,Bredasdorp,za,-34.53,62.6,88.0,0.0,2.24
394,Salmon creek,us,45.71,64.85,32.0,1.0,12.75
395,Kapaa,us,22.08,72.57,68.0,90.0,18.34
396,Lyuban,ru,59.35,37.62,97.0,92.0,8.97
397,Khatanga,ru,71.98,-32.5,57.0,0.0,4.72
398,Nanortalik,gl,60.14,22.5,100.0,0.0,4.72
400,Hithadhoo,mv,-0.6,82.89,100.0,44.0,6.51
401,Tortona,it,44.9,51.8,81.0,0.0,4.7
402,Punta arenas,cl,-53.16,42.8,70.0,75.0,11.41
403,Hilo,us,19.71,59.85,78.0,90.0,10.29
404,Marsh harbour,bs,26.54,71.55,100.0,0.0,24.74
405,Port macquarie,au,-31.43,78.8,54.0,40.0,11.41
408,Flinders,au,-34.58,68.0,60.0,90.0,10.29
409,Kawalu,id,-7.38,76.77,78.0,8.0,1.92
410,Awbari,ly,26.59,58.32,39.0,0.0,5.61
411,East liverpool,us,40.62,27.81,86.0,20.0,9.17
412,Lebu,cl,-37.62,58.05,100.0,0.0,10.76
413,Busselton,au,-33.64,81.27,69.0,32.0,12.44
416,Charters towers,au,-20.07,78.75,76.0,48.0,11.65
417,Hithadhoo,mv,-0.6,82.89,100.0,44.0,6.51
418,Flinders,au,-34.58,68.0,60.0,90.0,10.29
419,Kimbe,pg,-5.56,77.58,100.0,92.0,8.41
420,Busselton,au,-33.64,81.27,69.0,32.0,12.44
421,Hilo,us,19.71,59.85,78.0,90.0,10.29
422,Hilo,us,19.71,59.85,78.0,90.0,10.29
423,Pallasovka,ru,50.04,-9.91,53.0,0.0,4.05
425,Bluff,nz,-46.6,54.99,100.0,80.0,27.54
427,Leningradskiy,ru,69.38,-8.2,96.0,12.0,12.77
428,Jamestown,sh,-15.94,74.52,100.0,88.0,12.77
429,Lagoa,pt,37.14,59.0,100.0,75.0,10.29
430,Narsaq,gl,60.91,21.2,67.0,0.0,4.27
431,Saskylakh,ru,71.97,-26.56,82.0,64.0,6.62
432,Ponta do sol,cv,17.2,70.29,100.0,0.0,17.02
433,Vaini,to,-21.2,89.6,66.0,40.0,5.82
434,Bluff,nz,-46.6,54.99,100.0,80.0,27.54
435,Soyo,ao,-6.13,76.41,93.0,80.0,3.38
436,Atuona,pf,-9.8,80.37,100.0,64.0,16.46
437,Iqaluit,ca,63.75,6.8,84.0,90.0,2.24
438,Kapaa,us,22.08,72.57,68.0,90.0,18.34
439,Highland springs,us,37.55,35.82,80.0,90.0,14.99
440,Busselton,au,-33.64,81.27,69.0,32.0,12.44
442,Port alfred,za,-33.59,71.46,84.0,0.0,20.94
443,Dillon,us,45.22,28.4,74.0,1.0,8.05
444,Nikolskoye,ru,59.7,33.8,100.0,90.0,8.95
445,Lorengau,pg,-2.02,81.27,100.0,76.0,11.88
446,Mayumba,ga,-3.44,77.4,100.0,88.0,2.26
447,East london,za,-33.02,72.36,97.0,0.0,20.83
448,Bluff,nz,-46.6,54.99,100.0,80.0,27.54
449,Marsh harbour,bs,26.54,71.55,100.0,0.0,24.74
450,Lahad datu,my,5.02,77.85,100.0,64.0,0.81
451,Chapais,ca,49.78,26.6,92.0,90.0,4.7
452,Kapaa,us,22.08,72.57,68.0,90.0,18.34
453,Pinawa,ca,50.15,15.39,80.0,0.0,8.86
455,Cape town,za,-33.93,64.4,88.0,0.0,10.29
456,Ponta do sol,cv,17.2,70.29,100.0,0.0,17.02
457,Hobart,au,-42.88,69.8,43.0,75.0,5.82
458,Busselton,au,-33.64,81.27,69.0,32.0,12.44
459,Rikitea,pf,-23.12,80.01,100.0,68.0,13.44
460,Fairbanks,us,64.84,30.25,58.0,1.0,2.93
461,Saint-philippe,re,-21.36,77.23,78.0,0.0,5.82
462,Hasaki,jp,35.73,61.75,51.0,20.0,9.17
463,Pevek,ru,69.7,-12.16,97.0,36.0,7.29
464,Albany,au,-35.02,80.28,50.0,44.0,10.31
465,Ushuaia,ar,-54.81,44.6,70.0,75.0,10.29
466,Albany,au,-35.02,80.28,50.0,44.0,10.31
467,Thinadhoo,mv,0.53,82.62,100.0,48.0,5.39
468,Ancud,cl,-41.87,52.74,73.0,92.0,4.94
469,Kaitangata,nz,-46.28,55.89,56.0,44.0,22.5
470,Banda aceh,id,5.56,84.87,72.0,8.0,7.18
471,Kruisfontein,za,-34.0,65.7,76.0,0.0,11.65
472,Hobart,au,-42.88,69.8,43.0,75.0,5.82
473,Qaanaaq,gl,77.48,-10.54,100.0,44.0,3.49
475,Saint-denis,re,-20.87,76.6,57.0,20.0,19.46
476,Hermanus,za,-34.42,55.8,88.0,0.0,2.93
477,Muros,es,42.77,41.0,100.0,75.0,6.93
478,Saskylakh,ru,71.97,-26.56,82.0,64.0,6.62
479,Joshimath,in,30.57,3.15,88.0,8.0,0.92
480,Chokurdakh,ru,70.62,-22.51,67.0,56.0,6.73
482,Hobart,au,-42.88,69.8,43.0,75.0,5.82
483,Hermanus,za,-34.42,55.8,88.0,0.0,2.93
484,New norfolk,au,-42.78,69.8,43.0,75.0,5.82
485,Chokurdakh,ru,70.62,-22.51,67.0,56.0,6.73
486,Ushuaia,ar,-54.81,44.6,70.0,75.0,10.29
487,Fortuna,us,40.6,63.59,72.0,90.0,10.29
488,Botshabelo,za,-29.23,60.8,82.0,0.0,9.17
489,Peniche,pt,39.36,57.2,93.0,75.0,12.75
490,Kapaa,us,22.08,72.57,68.0,90.0,18.34
491,Hilo,us,19.71,59.85,78.0,90.0,10.29
492,Ushuaia,ar,-54.81,44.6,70.0,75.0,10.29
493,Torbay,ca,47.66,30.2,100.0,90.0,16.11
494,Totness,sr,5.88,79.2,98.0,92.0,17.25
495,Lavrentiya,ru,65.58,1.62,100.0,56.0,16.8
496,Busselton,au,-33.64,81.27,69.0,32.0,12.44
497,Chuy,uy,-33.69,61.29,98.0,44.0,4.72
498,Norman wells,ca,65.28,24.8,62.0,20.0,2.24
499,Klyuchi,ru,52.25,-0.64,67.0,0.0,3.71
500,Butaritari,ki,3.07,82.89,100.0,80.0,12.33
502,Beringovskiy,ru,63.05,21.15,91.0,88.0,18.81
503,Barrow,us,39.51,37.45,51.0,1.0,8.05
504,Kyabe,td,9.45,82.53,51.0,48.0,8.52
505,Hithadhoo,mv,-0.6,82.89,100.0,44.0,6.51
506,New norfolk,au,-42.78,69.8,43.0,75.0,5.82
507,Meulaboh,id,4.14,82.89,100.0,0.0,2.82
508,Yellowknife,ca,62.45,35.6,59.0,75.0,5.82
509,Carthage,us,32.16,48.33,87.0,1.0,3.38
510,Nanakuli,us,21.39,73.42,73.0,75.0,12.75
512,Kapaa,us,22.08,72.57,68.0,90.0,18.34
513,Naberera,tz,-4.2,64.08,99.0,92.0,3.71
514,Albany,au,-35.02,80.28,50.0,44.0,10.31
515,Jamestown,sh,-15.94,74.52,100.0,88.0,12.77
516,Saint-philippe,re,-21.36,77.23,78.0,0.0,5.82
517,Avarua,ck,-21.21,84.2,62.0,40.0,9.17
518,Jalu,ly,29.03,57.33,46.0,0.0,4.16
519,Lompoc,us,34.64,60.22,93.0,90.0,5.82
520,Busselton,au,-33.64,81.27,69.0,32.0,12.44
521,Banjar,id,-7.37,81.09,79.0,0.0,2.59
522,Punta arenas,cl,-53.16,42.8,70.0,75.0,11.41
523,Tautira,pf,-17.73,86.0,66.0,75.0,5.82
524,Jamestown,sh,-15.94,74.52,100.0,88.0,12.77
526,Rikitea,pf,-23.12,80.01,100.0,68.0,13.44
527,Anadyr,ru,64.73,-4.01,83.0,90.0,13.42
528,Petropavlovsk-kamchatskiy,ru,53.05,26.6,35.0,48.0,7.74
529,Carnarvon,au,-24.87,87.93,68.0,0.0,2.04
530,Traverse city,us,44.76,30.52,95.0,90.0,11.41
531,Puerto ayora,ec,-0.74,77.22,100.0,92.0,3.15
532,Niles,us,41.83,32.0,86.0,90.0,5.82
533,Fairbanks,us,64.84,30.25,58.0,1.0,2.93
534,Kumluca,tr,36.37,34.11,83.0,20.0,0.92
535,Butaritari,ki,3.07,82.89,100.0,80.0,12.33
536,Qasigiannguit,gl,68.82,6.8,71.0,88.0,1.12
537,Shingu,jp,33.72,62.6,59.0,40.0,6.93
538,Amapa,br,-1.83,78.75,83.0,56.0,5.5
539,Victoria,sc,-4.62,80.6,83.0,75.0,10.29
540,New norfolk,au,-42.78,69.8,43.0,75.0,5.82
542,Longyearbyen,sj,78.22,5.0,71.0,0.0,1.12
543,Washington,us,38.9,35.49,100.0,90.0,17.22
544,Manicore,br,-5.81,76.95,93.0,24.0,2.04
545,Nikolskoye,ru,59.7,33.8,100.0,90.0,8.95
546,Port alfred,za,-33.59,71.46,84.0,0.0,20.94
547,Iqaluit,ca,63.75,6.8,84.0,90.0,2.24
548,Nanortalik,gl,60.14,22.5,100.0,0.0,4.72
549,Chuy,uy,-33.69,61.29,98.0,44.0,4.72
550,Busselton,au,-33.64,81.27,69.0,32.0,12.44
551,Lamu,ke,-2.27,78.57,96.0,56.0,5.95
553,Lubango,ao,-14.92,56.25,89.0,0.0,2.15
554,Pisco,pe,-13.71,71.6,78.0,0.0,2.24
555,Maintal,de,50.14,48.2,76.0,75.0,17.22
556,Castro,cl,-42.48,52.29,79.0,92.0,5.95
557,Jamestown,sh,-15.94,74.52,100.0,88.0,12.77
558,Rikitea,pf,-23.12,80.01,100.0,68.0,13.44
559,Tabuny,ru,52.78,-9.73,70.0,0.0,3.6
560,Butaritari,ki,3.07,82.89,100.0,80.0,12.33
561,Rafraf,tn,37.19,52.7,87.0,20.0,8.05
562,Pacific grove,us,36.62,59.88,87.0,90.0,4.7
563,Hobart,au,-42.88,69.8,43.0,75.0,5.82
565,Bhuj,in,23.25,66.42,90.0,0.0,9.86
567,Ban tak,th,17.04,72.9,91.0,36.0,3.15
568,Chokurdakh,ru,70.62,-22.51,67.0,56.0,6.73
569,Bafoulabe,ml,13.81,78.93,28.0,20.0,9.31
570,Zyryanka,ru,65.73,-12.7,60.0,24.0,3.04
571,Kitakata,jp,37.67,53.1,45.0,0.0,6.06
572,Vaini,to,-21.2,89.6,66.0,40.0,5.82
573,Hithadhoo,mv,-0.6,82.89,100.0,44.0,6.51
574,Itarema,br,-2.92,78.3,90.0,88.0,4.72
575,Lavrentiya,ru,65.58,1.62,100.0,56.0,16.8
576,Rikitea,pf,-23.12,80.01,100.0,68.0,13.44
577,Port alfred,za,-33.59,71.46,84.0,0.0,20.94
578,Ushuaia,ar,-54.81,44.6,70.0,75.0,10.29
579,Bilma,ne,18.69,58.77,26.0,0.0,2.71
580,Vila velha,br,-3.71,82.4,78.0,20.0,5.82
581,Qaanaaq,gl,77.48,-10.54,100.0,44.0,3.49
582,Saskylakh,ru,71.97,-26.56,82.0,64.0,6.62
583,Samarai,pg,-10.62,79.92,100.0,56.0,9.75
585,Dunedin,nz,-45.87,57.15,52.0,56.0,14.23
586,Stephanskirchen,de,47.86,40.98,81.0,40.0,18.34
587,Bethel,us,60.79,15.8,85.0,1.0,8.05
588,Leningradskiy,ru,69.38,-8.2,96.0,12.0,12.77
589,Port-gentil,ga,-0.72,81.0,98.0,68.0,3.71
590,Georgetown,sh,-7.93,78.03,100.0,0.0,11.21
591,Ushuaia,ar,-54.81,44.6,70.0,75.0,10.29
592,Carnarvon,au,-24.87,87.93,68.0,0.0,2.04
594,Guerrero negro,mx,27.97,65.07,77.0,0.0,14.23
595,Te anau,nz,-45.41,46.8,78.0,92.0,9.98
596,Bredasdorp,za,-34.53,62.6,88.0,0.0,2.24
597,Burnie,au,-41.05,65.52,96.0,0.0,15.9
598,Mbanza-ngungu,cd,-5.25,72.63,71.0,0.0,7.29
599,Atuona,pf,-9.8,80.37,100.0,64.0,16.46
600,Mar del plata,ar,-46.43,54.99,58.0,8.0,15.01
601,Kapaa,us,22.08,72.57,68.0,90.0,18.34
604,Port elizabeth,za,-33.92,69.8,83.0,0.0,13.87
605,Barrow,us,39.51,37.45,51.0,1.0,8.05
606,Dhidhdhoo,mv,6.88,79.83,100.0,68.0,9.31
607,Leshukonskoye,ru,64.9,26.82,85.0,92.0,7.07
608,Dhidhdhoo,mv,6.88,79.83,100.0,68.0,9.31
609,Huarmey,pe,-10.07,67.32,74.0,88.0,2.71
610,Cayenne,gf,4.94,80.6,74.0,75.0,9.17
611,Walajapet,in,12.92,75.33,59.0,8.0,4.38
612,Korla,cn,41.76,45.45,51.0,24.0,1.14
613,Khatanga,ru,71.98,-32.5,57.0,0.0,4.72
615,Lavrentiya,ru,65.58,1.62,100.0,56.0,16.8
616,Dingle,ie,52.14,44.64,98.0,76.0,8.19
617,Nelson bay,au,-32.72,73.4,73.0,40.0,19.46
618,Rikitea,pf,-23.12,80.01,100.0,68.0,13.44
619,Mahajanga,mg,-15.72,77.0,88.0,20.0,10.76
621,Brae,gb,60.4,37.67,96.0,12.0,10.29
623,Carnarvon,au,-24.87,87.93,68.0,0.0,2.04
624,Fortuna,us,40.6,63.59,72.0,90.0,10.29
625,Saint-philippe,re,-21.36,77.23,78.0,0.0,5.82
626,Turka,ru,52.95,10.8,74.0,12.0,7.4
628,Flin flon,ca,54.77,27.0,68.0,0.0,8.19
629,Pryazha,ru,61.69,28.4,92.0,92.0,6.71
630,Tiksi,ru,71.64,-25.39,76.0,8.0,4.38
631,Port keats,au,-14.25,84.42,84.0,32.0,16.46
632,Huarmey,pe,-10.07,67.32,74.0,88.0,2.71
633,Albany,au,-35.02,80.28,50.0,44.0,10.31
634,Nsanje,mw,-16.92,74.25,93.0,56.0,4.83
635,Bhatkal,in,13.97,83.88,96.0,12.0,4.83
636,Tiksi,ru,71.64,-25.39,76.0,8.0,4.38
637,Ostrovnoy,ru,68.05,21.87,87.0,76.0,7.63
638,Constantine,dz,36.36,41.0,86.0,0.0,2.82
639,Klaksvik,fo,62.23,39.2,55.0,88.0,19.46
640,Usinsk,ru,66.0,19.8,88.0,88.0,13.67
642,Hermanus,za,-34.42,55.8,88.0,0.0,2.93
644,Havelock,us,34.88,33.8,100.0,90.0,17.22
645,Katsuura,jp,33.93,57.2,50.0,0.0,4.7
646,Norman wells,ca,65.28,24.8,62.0,20.0,2.24
647,Atuona,pf,-9.8,80.37,100.0,64.0,16.46
648,New norfolk,au,-42.78,69.8,43.0,75.0,5.82
649,Butaritari,ki,3.07,82.89,100.0,80.0,12.33
